66
180
651
913
578
150
388
123
433
303
147
877
932
263
239
97
740
208
67
6
377
239
66
775
680
183
962
998
252
651
343
269
259
119
119
161
695
516
622
340
21
390
120
389
186
44
443
686
457
340
672
354
714
560
222
961
412
745
550
777
35
190
894
922
621
577
925
935
998
774
741
212
331
905
678
880
347
627
734
496
730
824
759
253
959
769
465
292
317
665
375
672
631
814
782
870
157
477
135
125
851
938
325
40
256
171
546
57
652
160
20
595
802
754
829
36
349
5
848
645
495
659
359
720
740
262
386
933
750
425
473
601
914
123
803
915
223
850
807
292
671
144
935
339
205
636
765
442
910
128
862
560
677
995
955
284
47
394
662
179
93
887
41
190
863
230
130
707
813
336
194
757
49
974
197
891
296
644
981
419
120
751
615
465
172
132
767
32
90
911
830
979
877
197
449
800
662
662
158
985
301
458
24
833
22
287
321
968
599
236
535
363
373
758
831
531
127
852
718
16
594
432
583
665
803
501
30
243
523
224
667
20
396
964
178
291
954
462
480
685
837
945
296
878
299
911
387
843
234
750
197
112
555
282
44
499
442
292
108
379
138
535
326
118
422
770
151
526
489
95
780
872
479
0
724
161
477
121
78
844
514
685
152
732
729
408
825
419
215
294
639
965
231
143
610
276
397
72
74
256
480
519
683
243
912
923
286
126
54
621
332
523
75
135
867
265
345
247
907
461
278
55
378
691
566
805
875
585
288
794
510
332
585
586
377
634
541
399
19
51
124
521
41
212
248
662
226
713
101
410
373
255
818
715
418
651
924
588
350
298
537
84
832
727
833
426
160
210
753
576
200
491
642
80
42
659
518
535
64
954
98
37
83
939
431
534
619
808
587
721
206
539
140
906
172
451
669
549
974
911
921
41
806
882
108
423
474
603
360
350
363
543
405
973
682
461
162
76
801
950
504
207
311
728
119
271
197
125
199
263
934
228
808
16
972
180
437
913
621
145
987
375
173
732
144
421
708
595
71
672
664
130
199
778
429
764
171
921
57
890
933
195
476
151
419
680
405
141
187
739
40
448
595
86
978
910
41
962
583
679
945
728
355
158
5
263
917
756
438
50
610
373
825
549
341
337
661
532
444
34
249
328
278
645
810
423
960
23
666
215
47
789
485
6
991
720
564
105
922
211
740
23
773
538
649
530
628
97
635
609
854
174
267
268
11
892
759
238
225
485
497
584
230
283
390
632
8
890
490
837
728
830
568
893
150
997
431
77
989
593
89
548
839
77
877
948
939
992
916
814
242
522
136
578
186
650
456
976
114
498
289
406
492
817
615
902
72
907
625
66
485
390
962
503
794
67
947
868
987
638
933
341
55
492
829
152
526
625
857
651
888
555
94
808
825
623
644
447
744
158
473
246
983
523
394
271
101
924
657
206
22
34
903
637
292
806
306
463
983
834
442
333
463
106
590
816
643
269
660
964
274
28
629
28
631
781
302
800
666
100
691
120
824
967
646
540
196
709
165
866
191
298
346
762
668
737
403
585
878
559
714
976
162
415
616
145
705
456
642
14
198
271
381
942
870
914
677
244
269
963
873
565
876
237
67
798
896
158
459
376
975
56
603
889
844
725
77
696
882
375
185
493
60
106
91
866
123
703
961
306
929
261
65
157
666
958
985
5
634
843
609
672
601
309
610
10
579
745
282
230
757
447
223
777
42
128
425
675
643
153
285
602
916
968
827
765
955
578
529
235
868
990
704
709
32
242
196
78
340
984
522
974
270
260
602
805
746
389
507
106
386
221
125
240
292
751
498
242
461
300
302
275
155
834
766
812
457
90
621
195
99
132
248
876
673
897
859
983
561
477
845
325
285
583
79
784
59
142
410
847
411
177
925
723
763
443
830
969
7
802
512
675
172
43
218
557
571
219
760
857
659
908
915
112
279
18
836
78
742
929
727
288
130
709
946
805
224
526
187
326
766
38
481
827
907
943
19
124
391
542
693
297
739
982
978
366
996
419
379
494
529
700
636
58
260
884
184
726
430
429
715
337
578
225
277
136
371
998
847
142
929
301
637
409
639
80
20
987
664
414
5
259
776
292
111
904
439
225
427
723
856
494
409
950
704
680
280
236
497
867
242
221
734
949
765
182
977
477
414
364
912
318
401
27
783
796
315
119
438
801
448
878
499
188
265
912
387
966
941
188
169
315
144
8
97
946
905
404
190
137
924
772
391
240
257
464
113
583
172
666
222
903
667
412
347
370
758
827
287
81
864
780
63
704
965
785
702
279
340
543
194
544
19
607
106
919
857
32
651
483
806
550
938
208
895
673
43
327
558
268
696
523
239
759
894
304
797
996
177
81
66
835
912
694
69
770
747
313
814
949
497
915
861
190
430
256
265
897
553
700
668
582
675
544
683
411
899
125
172
461
487
68
792
756
70
479
80
177
144
80
707
532
246
236
861
446
78
762
700
431
311
662
28
517
451
525
730
931
834
165
310
321
803
427
97
518
974
640
134
126
772
648
877
17
760
392
450
835
695
844
165
377
26
874
490
838
501
934
960
794
911
291
567
324
994
699
522
836
324
51
317
744
916
238
528
624
721
141
912
392
932
831
215
874
670
379
490
757
651
175
600
574
198
531
723
137
54
767
871
780
662
582
687
736
595
814
983
533
334
461
684
545
617
890
159
381
62
460
448
708
995
147
7
745
250
841
934
708
213
421
611
648
431
932
338
764
957
940
142
620
403
590
384
763
546
983
576
143
760
747
384
242
640
511
553
184
856
90
244
2
402
23
915
413
794
801
672
887
566
971
498
400
251
11
841
785
500
346
671
885
718
260
982
248
327
310
984
879
588
280
690
726
329
993
554
248
716
633
175
806
859
152
759
567
83
952
99
704
10
89
295
913
668
649
390
716
10
837
547
402
130
9
850
84
807
752
548
427
384
633
585
404
15
638
920
364
128
842
954
147
817
630
381
288
328
568
412
65
423
728
980
469
933
144
585
985
975
472
151
859
604
819
28
270
70
426
538
922
923
27
827
311
907
638
989
46
205
283
493
708
658
595
223
204
651
273
91
752
189
53
692
932
586
597
379
463
964
672
432
662
635
993
160
223
62
268
2
303
350
944
275
896
725
313
649
675
134
968
269
870
398
442
65
98
599
714
865
483
774
748
551
541
970
655
214
135
333
661
608
7
248
162
67
386
918
423
702
62
26
986
169
598
645
532
418
72
127
790
572
207
415
801
786
305
70
41
386
628
101
460
260
809
407
709
993
797
776
592
65
872
109
169
461
492
598
862
835
828
534
181
695
302
515
51
358
175
593
347
102
545
345
927
882
403
494
885
474
29
392
913
886
255
585
587
563
501
501
437
822
33
127
356
166
389
127
480
982
547
887
897
768
347
493
848
501
272
954
887
800
839
617
374
235
653
235
187
504
796
671
941
898
802
544
69
693
735
310
714
663
344
358
959
930
293
853
43
426
387
40
717
560
358
607
682
497
503
807
925
689
238
303
345
865
141
419
646
392
160
780
254
325
988
800
578
330
339
957
542
900
361
857
173
935
127
734
634
830
738
753
5
609
982
121
343
895
44
788
762
890
309
445
191
11
658
50
205
282
162
730
419
359
855
948
890
895
477
722
706
790
512
189
351
947
369
338
224
713
644
777
517
153
889
286
378
925
581
192
940
760
5
695
478
297
903
468
56
982
20
392
189
420
150
622
304
573
138
972
291
115
313
548
291
888
225
306
275
800
155
134
851
526
657
641
892
243
318
252
595
686
137
259
976
765
368
961
619
849
501
557
650
56
807
419
664
435
480
421
413
936
550
687
214
378
673
507
625
68
24
785
608
653
976
408
575
132
249
402
859
557
431
665
305
612
74
767
473
718
546
404
21
680
452
777
705
663
769
25
225
870
449
103
521
485
99
385
549
62
911
724
446
652
283
170
230
620
750
111
392
85
252
18
375
228
223
390
513
328
182
343
399
245
925
657
132
188
944
836
191
711
677
341
279
225
973
638
75
188
671
678
139
621
530
435
70
626
612
603
345
603
251
345
200
614
367
597
20
692
571
821
377
698
718
639
595
954
674
441
461
719
16
495
477
288
902
307
447
803
479
275
356
19
141
308
103
212
149
469
725
779
983
798
598
243
376
79
116
802
246
997
719
330
823
223
450
491
694
783
102
453
820
835
920
900
503
603
290
220
953
398
3
28
744
245
235
135
237
937
960
157
411
456
214
480
294
314
110
874
150
402
254
588
406
608
185
305
149
331
522
594
529
867
210
682
291
877
892
505
602
856
833
983
967
733
542
70
91
451
654
185
217
640
36
243
19
820
657
384
668
758
582
217
367
738
807
563
763
323
732
438
948
290
173
587
566
752
826
623
808
320
292
677
763
461
804
671
166
859
469
884
879
986
184
589
40
517
764
818
180
769
528
866
125
97
391
519
403
398
711
992
674
115
462
680
233
742
257
803
466
155
890
425
51
715
269
467
240
217
151
667
379
45
708
576
674
442
412
726
722
906
112
924
565
921
191
255
902
590
288
740
285
302
107
819
659
347
72
871
811
410
323
522
291
562
763
989
406
736
94
548
520
264
539
320
165
886
155
15
758
426
692
382
489
929
148
206
36
328
454
284
909
924
180
914
97
581
362
396
215
401
226
213
120
628
522
352
574
261
62
482
854
588
795
324
643
344
537
350
785
333
123
447
858
442
495
449
552
153
412
26
632
39
293
461
655
171
97
806
228
187
964
517
761
74
158
602
272
327
790
991
974
750
763
283
838
521
246
154
709
34
591
810
541
655
290
248
656
944
30
465
859
100
490
37
204
615
636
405
482
1
127
245
392
32
409
197
621
549
383
913
699
164
765
792
121
693
709
2
903
47
802
587
358
828
411
276
258
944
319
705
86
851
785
580
986
670
673
432
82
82
476
298
558
876
882
482
594
484
586
368
145
701
820
376
203
663
130
576
504
528
532
601
79
465
359
840
424
580
809
745
115
756
675
721
171
21
811
786
714
450
421
260
257
805
22
190
556
64
213
595
617
659
207
657
843
591
173
918
671
295
251
83
722
350
735
858
901
475
828
948
902
297
331
835
500
275
357
622
751
397
719
699
801
661
819
246
829
640
791
456
91
249
372
875
52
189
996
169
752
802
985
181
826
214
254
49
525
867
429
974
150
352
341
178
717
43
948
756
968
674
905
147
30
193
711
436
318
805
607
507
697
55
845
480
618
172
100
722
521
314
833
594
518
293
345
886
544
232
456
990
34
239
367
427
710
208
49
283
114
306
466
114
700
493
269
378
602
929
592
675
290
595
782
21
643
938
265
522
543
792
169
785
661
468
894
157
55
212
974
156
461
695
939
955
851
456
860
567
302
671
462
238
951
450
119
644
113
121
39
401
693
167
356
112
567
548
856
179
532
839
49
410
595
321
877
546
205
901
111
826
146
11
290
432
249
44
161
282
476
791
369
865
406
186
892
272
946
397
267
514
825
496
295
305
647
332
4
171
363
807
914
471
729
201
689
630
982
684
40
340
128
976
114
645
983
516
270
292
491
649
34
487
219
864
692
126
855
668
780
731
531
250
656
683
201
413
725
602
218
454
168
293
232
256
791
817
363
233
710
585
166
965
705
780
869
933
811
789
414
948
161
140
209
514
262
778
261
354
212
985
544
622
500
986
442
986
282
233
271
454
944
754
839
245
949
487
436
594
177
985
679
954
840
307
583
108
832
879
448
709
121
776
68
593
681
966
632
28
944
72
430
614
271
12
858
508
112
322
843
995
585
463
384
408
491
661
908
467
154
71
767
98
456
721
331
522
874
870
976
688
518
580
620
277
175
803
763
927
576
947
510
525
673
786
715
187
744
956
345
507
55
597
470
213
421
618
24
69
588
718
620
114
487
568
654
535
270
273
717
43
423
44
10
547
627
47
525
295
746
173
636
89
867
61
474
937
524
742
567
518
723
793
521
200
599
456
823
529
94
253
486
721
963
507
194
65
907
945
10
911
325
621
273
104
900
805
877
476
850
832
69
146
722
379
419
988
130
728
212
614
4
537
888
136
567
434
395
731
814
117
23
152
989
790
267
180
908
742
467
928
450
918
861
140
950
193
726
187
604
684
368
114
99
386
929
763
711
183
800
6
136
590
462
958
407
702
78
417
927
919
682
817
903
986
420
529
59
263
854
537
370
736
359
850
0
403
923
877
984
525
845
845
389
841
763
341
485
239
246
740
163
338
957
365
759
258
437
955
692
264
399
450
223
872
670
305
663
200
539
483
884
23
839
76
152
809
932
761
693
807
777
520
178
155
664
119
437
601
109
760
478
841
229
578
478
608
648
331
987
38
189
681
761
651
601
640
758
91
36
157
866
369
576
225
384
631
958
626
958
675
575
19
653
789
316
764
317
996
978
732
633
601
37
114
74
84
280
236
778
866
582
222
144
416
353
44
115
369
861
467
484
555
575
129
437
632
823
981
351
993
111
441
701
44
599
380
91
590
887
540
458
411
432
512
379
82
807
364
765
446
135
325
157
623
962
645
169
192
996
297
873
657
76
813
730
420
423
641
80
372
362
996
760
218
756
559
39
402
687
749
762
290
161
422
515
58
131
835
661
62
245
67
733
825
539
628
381
708
897
854
821
548
358
657
432
602
424
526
697
499
196
771
240
392
903
688
732
936
255
23
366
441
743
921
384
725
307
914
561
833
896
422
911
241
87
358
671
311
486
699
123
627
42
763
361
772
278
896
27
765
377
534
944
930
806
909
831
490
253
900
348
